# Sensor calibration file

[Magnetometer]
cx = -0.16810044
cy = -0.00957341
cz = 0.01804542
a = 0.45060712
b = 0.50177366
c = 0.47713214
