[Magnetometer]
b = 0.529228895509
c = 0.55092314741
a = 0.546940158297
cz = -0.0544305048283
cx = -0.214915452846
cy = -0.015269315656

[Accelerometer]
b = 840.561903773
c = 900.92131411
a = 879.495976303
cz = 10.9124016413
cx = -47.2303612127
cy = 11.7920838345

[Gyroscope]
a = 0
b = 0
c = 0
ax = 57.29577951308232
bx = 57.29577951308232
cx = 57.29577951308232
