[Magnetometer]
a = 0.474300797838
c = 0.52529496962
b = 0.493879919859
cz = -0.0230695000625
cy = 0.0273925276539
cx = -0.136674462689

